6410
0 3205
1 3231
2 3242
3 3247
4 3248
5 3260
6 3261
7 3275
8 3276
9 3288
10 3292
11 3305
12 3311
13 3312
14 3319
15 3325
16 3329
17 3330
18 3333
19 3334
20 3335
21 3338
22 3339
23 3346
24 3347
25 3348
26 3349
27 3352
28 3356
29 3366
30 3367
31 3368
32 3369
33 3377
34 3378
35 3379
36 3381
37 3384
38 3386
39 3387
40 3391
41 3392
42 3393
43 3396
44 3397
45 3398
46 3399
47 3400
48 3403
49 3407
50 3408
51 3412
52 3414
53 3418
54 3419
55 3420
56 3421
57 3426
58 3430
59 3431
60 3432
61 3434
62 3438
63 3439
64 3441
65 3442
66 3445
67 3446
68 3448
69 3449
70 3452
71 3453
72 3454
73 3455
74 3460
75 3461
76 3462
77 3463
78 3464
79 3467
80 3468
81 3469
82 3470
83 3471
84 3472
85 3473
86 3475
87 3476
88 3477
89 3478
90 3479
91 3480
92 3481
93 3483
94 3484
95 3485
96 3486
97 3487
98 3488
99 3489
100 3490
101 3491
102 3492
103 3493
104 3494
105 3496
106 3497
107 3498
108 3499
109 3501
110 3502
111 3503
112 3504
113 3505
114 3506
115 3507
116 3508
117 3509
118 3510
119 3511
120 3512
121 3513
122 3514
123 3515
124 3516
125 3517
126 3518
127 3519
128 3520
129 3521
130 3522
131 3523
132 3524
133 3525
134 3526
135 3527
136 3528
137 3529
138 3530
139 3531
140 3532
141 3533
142 3534
143 3535
144 3536
145 3537
146 3538
147 3539
148 3540
149 3541
150 3542
151 3543
152 3544
153 3545
154 3546
155 3547
156 3548
157 3549
158 3550
159 3551
160 3552
161 3553
162 3554
163 3555
164 3556
165 3557
166 3558
167 3559
168 3560
169 3561
170 3562
171 3563
172 3564
173 3565
174 3566
175 3567
176 3568
177 3569
178 3570
179 3571
180 3572
181 3573
182 3574
183 3575
184 3576
185 3577
186 3578
187 3579
188 3580
189 3581
190 3582
191 3583
192 3584
193 3585
194 3586
195 3587
196 3588
197 3589
198 3590
199 3591
200 3592
201 3593
202 3594
203 3595
204 3596
205 3597
206 3598
207 3599
208 3600
209 3601
210 3602
211 3603
212 3604
213 3605
214 3606
215 3607
216 3608
217 3609
218 3610
219 3611
220 3612
221 3613
222 3614
223 3615
224 3616
225 3617
226 3618
227 3619
228 3620
229 3621
230 3622
231 3623
232 3624
233 3625
234 3626
235 3627
236 3628
237 3629
238 3630
239 3631
240 3632
241 3633
242 3634
243 3635
244 3636
245 3637
246 3638
247 3639
248 3640
249 3641
250 3642
251 3643
252 3644
253 3645
254 3646
255 3647
256 3648
257 3649
258 3650
259 3651
260 3652
261 3653
262 3654
263 3655
264 3656
265 3657
266 3658
267 3659
268 3660
269 3661
270 3662
271 3663
272 3664
273 3665
274 3666
275 3667
276 3668
277 3669
278 3670
279 3671
280 3672
281 3673
282 3674
283 3675
284 3676
285 3677
286 3678
287 3679
288 3680
289 3681
290 3682
291 3683
292 3684
293 3685
294 3686
295 3687
296 3688
297 3689
298 3690
299 3691
300 3692
301 3693
302 3694
303 3695
304 3696
305 3697
306 3698
307 3699
308 3700
309 3701
310 3702
311 3703
312 3704
313 3705
314 3706
315 3707
316 3708
317 3709
318 3710
319 3711
320 3712
321 3713
322 3714
323 3715
324 3716
325 3717
326 3718
327 3719
328 3720
329 3721
330 3722
331 3723
332 3724
333 3725
334 3726
335 3727
336 3728
337 3729
338 3730
339 3731
340 3732
341 3733
342 3734
343 3735
344 3736
345 3737
346 3738
347 3739
348 3740
349 3741
350 3742
351 3743
352 3744
353 3745
354 3746
355 3747
356 3748
357 3749
358 3750
359 3751
360 3752
361 3753
362 3754
363 3755
364 3756
365 3757
366 3758
367 3759
368 3760
369 3761
370 3762
371 3763
372 3764
373 3765
374 3766
375 3767
376 3768
377 3769
378 3770
379 3771
380 3772
381 3773
382 3774
383 3775
384 3776
385 3777
386 3778
387 3779
388 3780
389 3781
390 3782
391 3783
392 3784
393 3785
394 3786
395 3787
396 3788
397 3789
398 3790
399 3791
400 3792
401 3793
402 3794
403 3795
404 3796
405 3797
406 3798
407 3799
408 3800
409 3801
410 3802
411 3803
412 3804
413 3805
414 3806
415 3807
416 3808
417 3809
418 3810
419 3811
420 3812
421 3813
422 3814
423 3815
424 3816
425 3817
426 3818
427 3819
428 3820
429 3821
430 3822
431 3823
432 3824
433 3825
434 3826
435 3827
436 3828
437 3829
438 3830
439 3831
440 3832
441 3833
442 3834
443 3835
444 3836
445 3837
446 3838
447 3839
448 3840
449 3841
450 3842
451 3843
452 3844
453 3845
454 3846
455 3847
456 3848
457 3849
458 3850
459 3851
460 3852
461 3853
462 3854
463 3855
464 3856
465 3857
466 3858
467 3859
468 3860
469 3861
470 3862
471 3863
472 3864
473 3865
474 3866
475 3867
476 3868
477 3869
478 3870
479 3871
480 3872
481 3873
482 3874
483 3875
484 3876
485 3877
486 3878
487 3879
488 3880
489 3881
490 3882
491 3883
492 3884
493 3885
494 3886
495 3887
496 3888
497 3889
498 3890
499 3891
500 3892
501 3893
502 3894
503 3895
504 3896
505 3897
506 3898
507 3899
508 3900
509 3901
510 3902
511 3903
512 3904
513 3905
514 3906
515 3907
516 3908
517 3909
518 3910
519 3911
520 3912
521 3913
522 3914
523 3915
524 3916
525 3917
526 3918
527 3919
528 3920
529 3921
530 3922
531 3923
532 3924
533 3925
534 3926
535 3927
536 3928
537 3929
538 3930
539 3931
540 3932
541 3933
542 3934
543 3935
544 3936
545 3937
546 3938
547 3939
548 3940
549 3941
550 3942
551 3943
552 3944
553 3945
554 3946
555 3947
556 3948
557 3949
558 3950
559 3951
560 3952
561 3953
562 3954
563 3955
564 3956
565 3957
566 3958
567 3959
568 3960
569 3961
570 3962
571 3963
572 3964
573 3965
574 3966
575 3967
576 3968
577 3969
578 3970
579 3971
580 3972
581 3973
582 3974
583 3975
584 3976
585 3977
586 3978
587 3979
588 3980
589 3981
590 3982
591 3983
592 3984
593 3985
594 3986
595 3987
596 3988
597 3989
598 3990
599 3991
600 3992
601 3993
602 3994
603 3995
604 3996
605 3997
606 3998
607 3999
608 4000
609 4001
610 4002
611 4003
612 4004
613 4005
614 4006
615 4007
616 4008
617 4009
618 4010
619 4011
620 4012
621 4013
622 4014
623 4015
624 4016
625 4017
626 4018
627 4019
628 4020
629 4021
630 4022
631 4023
632 4024
633 4025
634 4026
635 4027
636 4028
637 4029
638 4030
639 4031
640 4032
641 4033
642 4034
643 4035
644 4036
645 4037
646 4038
647 4039
648 4040
649 4041
650 4042
651 4043
652 4044
653 4045
654 4046
655 4047
656 4048
657 4049
658 4050
659 4051
660 4052
661 4053
662 4054
663 4055
664 4056
665 4057
666 4058
667 4059
668 4060
669 4061
670 4062
671 4063
672 4064
673 4065
674 4066
675 4067
676 4068
677 4069
678 4070
679 4071
680 4072
681 4073
682 4074
683 4075
684 4076
685 4077
686 4078
687 4079
688 4080
689 4081
690 4082
691 4083
692 4084
693 4085
694 4086
695 4087
696 4088
697 4089
698 4090
699 4091
700 4092
701 4093
702 4094
703 4095
704 4096
705 4097
706 4098
707 4099
708 4100
709 4101
710 4102
711 4103
712 4104
713 4105
714 4106
715 4107
716 4108
717 4109
718 4110
719 4111
720 4112
721 4113
722 4114
723 4115
724 4116
725 4117
726 4118
727 4119
728 4120
729 4121
730 4122
731 4123
732 4124
733 4125
734 4126
735 4127
736 4128
737 4129
738 4130
739 4131
740 4132
741 4133
742 4134
743 4135
744 4136
745 4137
746 4138
747 4139
748 4140
749 4141
750 4142
751 4143
752 4144
753 4145
754 4146
755 4147
756 4148
757 4149
758 4150
759 4151
760 4152
761 4153
762 4154
763 4155
764 4156
765 4157
766 4158
767 4159
768 4160
769 4161
770 4162
771 4163
772 4164
773 4165
774 4166
775 4167
776 4168
777 4169
778 4170
779 4171
780 4172
781 4173
782 4174
783 4175
784 4176
785 4177
786 4178
787 4179
788 4180
789 4181
790 4182
791 4183
792 4184
793 4185
794 4186
795 4187
796 4188
797 4189
798 4190
799 4191
800 4192
801 4193
802 4194
803 4195
804 4196
805 4197
806 4198
807 4199
808 4200
809 4201
810 4202
811 4203
812 4204
813 4205
814 4206
815 4207
816 4208
817 4209
818 4210
819 4211
820 4212
821 4213
822 4214
823 4215
824 4216
825 4217
826 4218
827 4219
828 4220
829 4221
830 4222
831 4223
832 4224
833 4225
834 4226
835 4227
836 4228
837 4229
838 4230
839 4231
840 4232
841 4233
842 4234
843 4235
844 4236
845 4237
846 4238
847 4239
848 4240
849 4241
850 4242
851 4243
852 4244
853 4245
854 4246
855 4247
856 4248
857 4249
858 4250
859 4251
860 4252
861 4253
862 4254
863 4255
864 4256
865 4257
866 4258
867 4259
868 4260
869 4261
870 4262
871 4263
872 4264
873 4265
874 4266
875 4267
876 4268
877 4269
878 4270
879 4271
880 4272
881 4273
882 4274
883 4275
884 4276
885 4277
886 4278
887 4279
888 4280
889 4281
890 4282
891 4283
892 4284
893 4285
894 4286
895 4287
896 4288
897 4289
898 4290
899 4291
900 4292
901 4293
902 4294
903 4295
904 4296
905 4297
906 4298
907 4299
908 4300
909 4301
910 4302
911 4303
912 4304
913 4305
914 4306
915 4307
916 4308
917 4309
918 4310
919 4311
920 4312
921 4313
922 4314
923 4315
924 4316
925 4317
926 4318
927 4319
928 4320
929 4321
930 4322
931 4323
932 4324
933 4325
934 4326
935 4327
936 4328
937 4329
938 4330
939 4331
940 4332
941 4333
942 4334
943 4335
944 4336
945 4337
946 4338
947 4339
948 4340
949 4341
950 4342
951 4343
952 4344
953 4345
954 4346
955 4347
956 4348
957 4349
958 4350
959 4351
960 4352
961 4353
962 4354
963 4355
964 4356
965 4357
966 4358
967 4359
968 4360
969 4361
970 4362
971 4363
972 4364
973 4365
974 4366
975 4367
976 4368
977 4369
978 4370
979 4371
980 4372
981 4373
982 4374
983 4375
984 4376
985 4377
986 4378
987 4379
988 4380
989 4381
990 4382
991 4383
992 4384
993 4385
994 4386
995 4387
996 4388
997 4389
998 4390
999 4391
1000 4392
1001 4393
1002 4394
1003 4395
1004 4396
1005 4397
1006 4398
1007 4399
1008 4400
1009 4401
1010 4402
1011 4403
1012 4404
1013 4405
1014 4406
1015 4407
1016 4408
1017 4409
1018 4410
1019 4411
1020 4412
1021 4413
1022 4414
1023 4415
1024 4416
1025 4417
1026 4418
1027 4419
1028 4420
1029 4421
1030 4422
1031 4423
1032 4424
1033 4425
1034 4426
1035 4427
1036 4428
1037 4429
1038 4430
1039 4431
1040 4432
1041 4433
1042 4434
1043 4435
1044 4436
1045 4437
1046 4438
1047 4439
1048 4440
1049 4441
1050 4442
1051 4443
1052 4444
1053 4445
1054 4446
1055 4447
1056 4448
1057 4449
1058 4450
1059 4451
1060 4452
1061 4453
1062 4454
1063 4455
1064 4456
1065 4457
1066 4458
1067 4459
1068 4460
1069 4461
1070 4462
1071 4463
1072 4464
1073 4465
1074 4466
1075 4467
1076 4468
1077 4469
1078 4470
1079 4471
1080 4472
1081 4473
1082 4474
1083 4475
1084 4476
1085 4477
1086 4478
1087 4479
1088 4480
1089 4481
1090 4482
1091 4483
1092 4484
1093 4485
1094 4486
1095 4487
1096 4488
1097 4489
1098 4490
1099 4491
1100 4492
1101 4493
1102 4494
1103 4495
1104 4496
1105 4497
1106 4498
1107 4499
1108 4500
1109 4501
1110 4502
1111 4503
1112 4504
1113 4505
1114 4506
1115 4507
1116 4508
1117 4509
1118 4510
1119 4511
1120 4512
1121 4513
1122 4514
1123 4515
1124 4516
1125 4517
1126 4518
1127 4519
1128 4520
1129 4521
1130 4522
1131 4523
1132 4524
1133 4525
1134 4526
1135 4527
1136 4528
1137 4529
1138 4530
1139 4531
1140 4532
1141 4533
1142 4534
1143 4535
1144 4536
1145 4537
1146 4538
1147 4539
1148 4540
1149 4541
1150 4542
1151 4543
1152 4544
1153 4545
1154 4546
1155 4547
1156 4548
1157 4549
1158 4550
1159 4551
1160 4552
1161 4553
1162 4554
1163 4555
1164 4556
1165 4557
1166 4558
1167 4559
1168 4560
1169 4561
1170 4562
1171 4563
1172 4564
1173 4565
1174 4566
1175 4567
1176 4568
1177 4569
1178 4570
1179 4571
1180 4572
1181 4573
1182 4574
1183 4575
1184 4576
1185 4577
1186 4578
1187 4579
1188 4580
1189 4581
1190 4582
1191 4583
1192 4584
1193 4585
1194 4586
1195 4587
1196 4588
1197 4589
1198 4590
1199 4591
1200 4592
1201 4593
1202 4594
1203 4595
1204 4596
1205 4597
1206 4598
1207 4599
1208 4600
1209 4601
1210 4602
1211 4603
1212 4604
1213 4605
1214 4606
1215 4607
1216 4608
1217 4609
1218 4610
1219 4611
1220 4612
1221 4613
1222 4614
1223 4615
1224 4616
1225 4617
1226 4618
1227 4619
1228 4620
1229 4621
1230 4622
1231 4623
1232 4624
1233 4625
1234 4626
1235 4627
1236 4628
1237 4629
1238 4630
1239 4631
1240 4632
1241 4633
1242 4634
1243 4635
1244 4636
1245 4637
1246 4638
1247 4639
1248 4640
1249 4641
1250 4642
1251 4643
1252 4644
1253 4645
1254 4646
1255 4647
1256 4648
1257 4649
1258 4650
1259 4651
1260 4652
1261 4653
1262 4654
1263 4655
1264 4656
1265 4657
1266 4658
1267 4659
1268 4660
1269 4661
1270 4662
1271 4663
1272 4664
1273 4665
1274 4666
1275 4667
1276 4668
1277 4669
1278 4670
1279 4671
1280 4672
1281 4673
1282 4674
1283 4675
1284 4676
1285 4677
1286 4678
1287 4679
1288 4680
1289 4681
1290 4682
1291 4683
1292 4684
1293 4685
1294 4686
1295 4687
1296 4688
1297 4689
1298 4690
1299 4691
1300 4692
1301 4693
1302 4694
1303 4695
1304 4696
1305 4697
1306 4698
1307 4699
1308 4700
1309 4701
1310 4702
1311 4703
1312 4704
1313 4705
1314 4706
1315 4707
1316 4708
1317 4709
1318 4710
1319 4711
1320 4712
1321 4713
1322 4714
1323 4715
1324 4716
1325 4717
1326 4718
1327 4719
1328 4720
1329 4721
1330 4722
1331 4723
1332 4724
1333 4725
1334 4726
1335 4727
1336 4728
1337 4729
1338 4730
1339 4731
1340 4732
1341 4733
1342 4734
1343 4735
1344 4736
1345 4737
1346 4738
1347 4739
1348 4740
1349 4741
1350 4742
1351 4743
1352 4744
1353 4745
1354 4746
1355 4747
1356 4748
1357 4749
1358 4750
1359 4751
1360 4752
1361 4753
1362 4754
1363 4755
1364 4756
1365 4757
1366 4758
1367 4759
1368 4760
1369 4761
1370 4762
1371 4763
1372 4764
1373 4765
1374 4766
1375 4767
1376 4768
1377 4769
1378 4770
1379 4771
1380 4772
1381 4773
1382 4774
1383 4775
1384 4776
1385 4777
1386 4778
1387 4779
1388 4780
1389 4781
1390 4782
1391 4783
1392 4784
1393 4785
1394 4786
1395 4787
1396 4788
1397 4789
1398 4790
1399 4791
1400 4792
1401 4793
1402 4794
1403 4795
1404 4796
1405 4797
1406 4798
1407 4799
1408 4800
1409 4801
1410 4802
1411 4803
1412 4804
1413 4805
1414 4806
1415 4807
1416 4808
1417 4809
1418 4810
1419 4811
1420 4812
1421 4813
1422 4814
1423 4815
1424 4816
1425 4817
1426 4818
1427 4819
1428 4820
1429 4821
1430 4822
1431 4823
1432 4824
1433 4825
1434 4826
1435 4827
1436 4828
1437 4829
1438 4830
1439 4831
1440 4832
1441 4833
1442 4834
1443 4835
1444 4836
1445 4837
1446 4838
1447 4839
1448 4840
1449 4841
1450 4842
1451 4843
1452 4844
1453 4845
1454 4846
1455 4847
1456 4848
1457 4849
1458 4850
1459 4851
1460 4852
1461 4853
1462 4854
1463 4855
1464 4856
1465 4857
1466 4858
1467 4859
1468 4860
1469 4861
1470 4862
1471 4863
1472 4864
1473 4865
1474 4866
1475 4867
1476 4868
1477 4869
1478 4870
1479 4871
1480 4872
1481 4873
1482 4874
1483 4875
1484 4876
1485 4877
1486 4878
1487 4879
1488 4880
1489 4881
1490 4882
1491 4883
1492 4884
1493 4885
1494 4886
1495 4887
1496 4888
1497 4889
1498 4890
1499 4891
1500 4892
1501 4893
1502 4894
1503 4895
1504 4896
1505 4897
1506 4898
1507 4899
1508 4900
1509 4901
1510 4902
1511 4903
1512 4904
1513 4905
1514 4906
1515 4907
1516 4908
1517 4909
1518 4910
1519 4911
1520 4912
1521 4913
1522 4914
1523 4915
1524 4916
1525 4917
1526 4918
1527 4919
1528 4920
1529 4921
1530 4922
1531 4923
1532 4924
1533 4925
1534 4926
1535 4927
1536 4928
1537 4929
1538 4930
1539 4931
1540 4932
1541 4933
1542 4934
1543 4935
1544 4936
1545 4937
1546 4938
1547 4939
1548 4940
1549 4941
1550 4942
1551 4943
1552 4944
1553 4945
1554 4946
1555 4947
1556 4948
1557 4949
1558 4950
1559 4951
1560 4952
1561 4953
1562 4954
1563 4955
1564 4956
1565 4957
1566 4958
1567 4959
1568 4960
1569 4961
1570 4962
1571 4963
1572 4964
1573 4965
1574 4966
1575 4967
1576 4968
1577 4969
1578 4970
1579 4971
1580 4972
1581 4973
1582 4974
1583 4975
1584 4976
1585 4977
1586 4978
1587 4979
1588 4980
1589 4981
1590 4982
1591 4983
1592 4984
1593 4985
1594 4986
1595 4987
1596 4988
1597 4989
1598 4990
1599 4991
1600 4992
1601 4993
1602 4994
1603 4995
1604 4996
1605 4997
1606 4998
1607 4999
1608 5000
1609 5001
1610 5002
1611 5003
1612 5004
1613 5005
1614 5006
1615 5007
1616 5008
1617 5009
1618 5010
1619 5011
1620 5012
1621 5013
1622 5014
1623 5015
1624 5016
1625 5017
1626 5018
1627 5019
1628 5020
1629 5021
1630 5022
1631 5023
1632 5024
1633 5025
1634 5026
1635 5027
1636 5028
1637 5029
1638 5030
1639 5031
1640 5032
1641 5033
1642 5034
1643 5035
1644 5036
1645 5037
1646 5038
1647 5039
1648 5040
1649 5041
1650 5042
1651 5043
1652 5044
1653 5045
1654 5046
1655 5047
1656 5048
1657 5049
1658 5050
1659 5051
1660 5052
1661 5053
1662 5054
1663 5055
1664 5056
1665 5057
1666 5058
1667 5059
1668 5060
1669 5061
1670 5062
1671 5063
1672 5064
1673 5065
1674 5066
1675 5067
1676 5068
1677 5069
1678 5070
1679 5071
1680 5072
1681 5073
1682 5074
1683 5075
1684 5076
1685 5077
1686 5078
1687 5079
1688 5080
1689 5081
1690 5082
1691 5083
1692 5084
1693 5085
1694 5086
1695 5087
1696 5088
1697 5089
1698 5090
1699 5091
1700 5092
1701 5093
1702 5094
1703 5095
1704 5096
1705 5097
1706 5098
1707 5099
1708 5100
1709 5101
1710 5102
1711 5103
1712 5104
1713 5105
1714 5106
1715 5107
1716 5108
1717 5109
1718 5110
1719 5111
1720 5112
1721 5113
1722 5114
1723 5115
1724 5116
1725 5117
1726 5118
1727 5119
1728 5120
1729 5121
1730 5122
1731 5123
1732 5124
1733 5125
1734 5126
1735 5127
1736 5128
1737 5129
1738 5130
1739 5131
1740 5132
1741 5133
1742 5134
1743 5135
1744 5136
1745 5137
1746 5138
1747 5139
1748 5140
1749 5141
1750 5142
1751 5143
1752 5144
1753 5145
1754 5146
1755 5147
1756 5148
1757 5149
1758 5150
1759 5151
1760 5152
1761 5153
1762 5154
1763 5155
1764 5156
1765 5157
1766 5158
1767 5159
1768 5160
1769 5161
1770 5162
1771 5163
1772 5164
1773 5165
1774 5166
1775 5167
1776 5168
1777 5169
1778 5170
1779 5171
1780 5172
1781 5173
1782 5174
1783 5175
1784 5176
1785 5177
1786 5178
1787 5179
1788 5180
1789 5181
1790 5182
1791 5183
1792 5184
1793 5185
1794 5186
1795 5187
1796 5188
1797 5189
1798 5190
1799 5191
1800 5192
1801 5193
1802 5194
1803 5195
1804 5196
1805 5197
1806 5198
1807 5199
1808 5200
1809 5201
1810 5202
1811 5203
1812 5204
1813 5205
1814 5206
1815 5207
1816 5208
1817 5209
1818 5210
1819 5211
1820 5212
1821 5213
1822 5214
1823 5215
1824 5216
1825 5217
1826 5218
1827 5219
1828 5220
1829 5221
1830 5222
1831 5223
1832 5224
1833 5225
1834 5226
1835 5227
1836 5228
1837 5229
1838 5230
1839 5231
1840 5232
1841 5233
1842 5234
1843 5235
1844 5236
1845 5237
1846 5238
1847 5239
1848 5240
1849 5241
1850 5242
1851 5243
1852 5244
1853 5245
1854 5246
1855 5247
1856 5248
1857 5249
1858 5250
1859 5251
1860 5252
1861 5253
1862 5254
1863 5255
1864 5256
1865 5257
1866 5258
1867 5259
1868 5260
1869 5261
1870 5262
1871 5263
1872 5264
1873 5265
1874 5266
1875 5267
1876 5268
1877 5269
1878 5270
1879 5271
1880 5272
1881 5273
1882 5274
1883 5275
1884 5276
1885 5277
1886 5278
1887 5279
1888 5280
1889 5281
1890 5282
1891 5283
1892 5284
1893 5285
1894 5286
1895 5287
1896 5288
1897 5289
1898 5290
1899 5291
1900 5292
1901 5293
1902 5294
1903 5295
1904 5296
1905 5297
1906 5298
1907 5299
1908 5300
1909 5301
1910 5302
1911 5303
1912 5304
1913 5305
1914 5306
1915 5307
1916 5308
1917 5309
1918 5310
1919 5311
1920 5312
1921 5313
1922 5314
1923 5315
1924 5316
1925 5317
1926 5318
1927 5319
1928 5320
1929 5321
1930 5322
1931 5323
1932 5324
1933 5325
1934 5326
1935 5327
1936 5328
1937 5329
1938 5330
1939 5331
1940 5332
1941 5333
1942 5334
1943 5335
1944 5336
1945 5337
1946 5338
1947 5339
1948 5340
1949 5341
1950 5342
1951 5343
1952 5344
1953 5345
1954 5346
1955 5347
1956 5348
1957 5349
1958 5350
1959 5351
1960 5352
1961 5353
1962 5354
1963 5355
1964 5356
1965 5357
1966 5358
1967 5359
1968 5360
1969 5361
1970 5362
1971 5363
1972 5364
1973 5365
1974 5366
1975 5367
1976 5368
1977 5369
1978 5370
1979 5371
1980 5372
1981 5373
1982 5374
1983 5375
1984 5376
1985 5377
1986 5378
1987 5379
1988 5380
1989 5381
1990 5382
1991 5383
1992 5384
1993 5385
1994 5386
1995 5387
1996 5388
1997 5389
1998 5390
1999 5391
2000 5392
2001 5393
2002 5394
2003 5395
2004 5396
2005 5397
2006 5398
2007 5399
2008 5400
2009 5401
2010 5402
2011 5403
2012 5404
2013 5405
2014 5406
2015 5407
2016 5408
2017 5409
2018 5410
2019 5411
2020 5412
2021 5413
2022 5414
2023 5415
2024 5416
2025 5417
2026 5418
2027 5419
2028 5420
2029 5421
2030 5422
2031 5423
2032 5424
2033 5425
2034 5426
2035 5427
2036 5428
2037 5429
2038 5430
2039 5431
2040 5432
2041 5433
2042 5434
2043 5435
2044 5436
2045 5437
2046 5438
2047 5439
2048 5440
2049 5441
2050 5442
2051 5443
2052 5444
2053 5445
2054 5446
2055 5447
2056 5448
2057 5449
2058 5450
2059 5451
2060 5452
2061 5453
2062 5454
2063 5455
2064 5456
2065 5457
2066 5458
2067 5459
2068 5460
2069 5461
2070 5462
2071 5463
2072 5464
2073 5465
2074 5466
2075 5467
2076 5468
2077 5469
2078 5470
2079 5471
2080 5472
2081 5473
2082 5474
2083 5475
2084 5476
2085 5477
2086 5478
2087 5479
2088 5480
2089 5481
2090 5482
2091 5483
2092 5484
2093 5485
2094 5486
2095 5487
2096 5488
2097 5489
2098 5490
2099 5491
2100 5492
2101 5493
2102 5494
2103 5495
2104 5496
2105 5497
2106 5498
2107 5499
2108 5500
2109 5501
2110 5502
2111 5503
2112 5504
2113 5505
2114 5506
2115 5507
2116 5508
2117 5509
2118 5510
2119 5511
2120 5512
2121 5513
2122 5514
2123 5515
2124 5516
2125 5517
2126 5518
2127 5519
2128 5520
2129 5521
2130 5522
2131 5523
2132 5524
2133 5525
2134 5526
2135 5527
2136 5528
2137 5529
2138 5530
2139 5531
2140 5532
2141 5533
2142 5534
2143 5535
2144 5536
2145 5537
2146 5538
2147 5539
2148 5540
2149 5541
2150 5542
2151 5543
2152 5544
2153 5545
2154 5546
2155 5547
2156 5548
2157 5549
2158 5550
2159 5551
2160 5552
2161 5553
2162 5554
2163 5555
2164 5556
2165 5557
2166 5558
2167 5559
2168 5560
2169 5561
2170 5562
2171 5563
2172 5564
2173 5565
2174 5566
2175 5567
2176 5568
2177 5569
2178 5570
2179 5571
2180 5572
2181 5573
2182 5574
2183 5575
2184 5576
2185 5577
2186 5578
2187 5579
2188 5580
2189 5581
2190 5582
2191 5583
2192 5584
2193 5585
2194 5586
2195 5587
2196 5588
2197 5589
2198 5590
2199 5591
2200 5592
2201 5593
2202 5594
2203 5595
2204 5596
2205 5597
2206 5598
2207 5599
2208 5600
2209 5601
2210 5602
2211 5603
2212 5604
2213 5605
2214 5606
2215 5607
2216 5608
2217 5609
2218 5610
2219 5611
2220 5612
2221 5613
2222 5614
2223 5615
2224 5616
2225 5617
2226 5618
2227 5619
2228 5620
2229 5621
2230 5622
2231 5623
2232 5624
2233 5625
2234 5626
2235 5627
2236 5628
2237 5629
2238 5630
2239 5631
2240 5632
2241 5633
2242 5634
2243 5635
2244 5636
2245 5637
2246 5638
2247 5639
2248 5640
2249 5641
2250 5642
2251 5643
2252 5644
2253 5645
2254 5646
2255 5647
2256 5648
2257 5649
2258 5650
2259 5651
2260 5652
2261 5653
2262 5654
2263 5655
2264 5656
2265 5657
2266 5658
2267 5659
2268 5660
2269 5661
2270 5662
2271 5663
2272 5664
2273 5665
2274 5666
2275 5667
2276 5668
2277 5669
2278 5670
2279 5671
2280 5672
2281 5673
2282 5674
2283 5675
2284 5676
2285 5677
2286 5678
2287 5679
2288 5680
2289 5681
2290 5682
2291 5683
2292 5684
2293 5685
2294 5686
2295 5687
2296 5688
2297 5689
2298 5690
2299 5691
2300 5692
2301 5693
2302 5694
2303 5695
2304 5696
2305 5697
2306 5698
2307 5699
2308 5700
2309 5701
2310 5702
2311 5703
2312 5704
2313 5705
2314 5706
2315 5707
2316 5708
2317 5709
2318 5710
2319 5711
2320 5712
2321 5713
2322 5714
2323 5715
2324 5716
2325 5717
2326 5718
2327 5719
2328 5720
2329 5721
2330 5722
2331 5723
2332 5724
2333 5725
2334 5726
2335 5727
2336 5728
2337 5729
2338 5730
2339 5731
2340 5732
2341 5733
2342 5734
2343 5735
2344 5736
2345 5737
2346 5738
2347 5739
2348 5740
2349 5741
2350 5742
2351 5743
2352 5744
2353 5745
2354 5746
2355 5747
2356 5748
2357 5749
2358 5750
2359 5751
2360 5752
2361 5753
2362 5754
2363 5755
2364 5756
2365 5757
2366 5758
2367 5759
2368 5760
2369 5761
2370 5762
2371 5763
2372 5764
2373 5765
2374 5766
2375 5767
2376 5768
2377 5769
2378 5770
2379 5771
2380 5772
2381 5773
2382 5774
2383 5775
2384 5776
2385 5777
2386 5778
2387 5779
2388 5780
2389 5781
2390 5782
2391 5783
2392 5784
2393 5785
2394 5786
2395 5787
2396 5788
2397 5789
2398 5790
2399 5791
2400 5792
2401 5793
2402 5794
2403 5795
2404 5796
2405 5797
2406 5798
2407 5799
2408 5800
2409 5801
2410 5802
2411 5803
2412 5804
2413 5805
2414 5806
2415 5807
2416 5808
2417 5809
2418 5810
2419 5811
2420 5812
2421 5813
2422 5814
2423 5815
2424 5816
2425 5817
2426 5818
2427 5819
2428 5820
2429 5821
2430 5822
2431 5823
2432 5824
2433 5825
2434 5826
2435 5827
2436 5828
2437 5829
2438 5830
2439 5831
2440 5832
2441 5833
2442 5834
2443 5835
2444 5836
2445 5837
2446 5838
2447 5839
2448 5840
2449 5841
2450 5842
2451 5843
2452 5844
2453 5845
2454 5846
2455 5847
2456 5848
2457 5849
2458 5850
2459 5851
2460 5852
2461 5853
2462 5854
2463 5855
2464 5856
2465 5857
2466 5858
2467 5859
2468 5860
2469 5861
2470 5862
2471 5863
2472 5864
2473 5865
2474 5866
2475 5867
2476 5868
2477 5869
2478 5870
2479 5871
2480 5872
2481 5873
2482 5874
2483 5875
2484 5876
2485 5877
2486 5878
2487 5879
2488 5880
2489 5881
2490 5882
2491 5883
2492 5884
2493 5885
2494 5886
2495 5887
2496 5888
2497 5889
2498 5890
2499 5891
2500 5892
2501 5893
2502 5894
2503 5895
2504 5896
2505 5897
2506 5898
2507 5899
2508 5900
2509 5901
2510 5902
2511 5903
2512 5904
2513 5905
2514 5906
2515 5907
2516 5908
2517 5909
2518 5910
2519 5911
2520 5912
2521 5913
2522 5914
2523 5915
2524 5916
2525 5917
2526 5918
2527 5919
2528 5920
2529 5921
2530 5922
2531 5923
2532 5924
2533 5925
2534 5926
2535 5927
2536 5928
2537 5929
2538 5930
2539 5931
2540 5932
2541 5933
2542 5934
2543 5935
2544 5936
2545 5937
2546 5938
2547 5939
2548 5940
2549 5941
2550 5942
2551 5943
2552 5944
2553 5945
2554 5946
2555 5947
2556 5948
2557 5949
2558 5950
2559 5951
2560 5952
2561 5953
2562 5954
2563 5955
2564 5956
2565 5957
2566 5958
2567 5959
2568 5960
2569 5961
2570 5962
2571 5963
2572 5964
2573 5965
2574 5966
2575 5967
2576 5968
2577 5969
2578 5970
2579 5971
2580 5972
2581 5973
2582 5974
2583 5975
2584 5976
2585 5977
2586 5978
2587 5979
2588 5980
2589 5981
2590 5982
2591 5983
2592 5984
2593 5985
2594 5986
2595 5987
2596 5988
2597 5989
2598 5990
2599 5991
2600 5992
2601 5993
2602 5994
2603 5995
2604 5996
2605 5997
2606 5998
2607 5999
2608 6000
2609 6001
2610 6002
2611 6003
2612 6004
2613 6005
2614 6006
2615 6007
2616 6008
2617 6009
2618 6010
2619 6011
2620 6012
2621 6013
2622 6014
2623 6015
2624 6016
2625 6017
2626 6018
2627 6019
2628 6020
2629 6021
2630 6022
2631 6023
2632 6024
2633 6025
2634 6026
2635 6027
2636 6028
2637 6029
2638 6030
2639 6031
2640 6032
2641 6033
2642 6034
2643 6035
2644 6036
2645 6037
2646 6038
2647 6039
2648 6040
2649 6041
2650 6042
2651 6043
2652 6044
2653 6045
2654 6046
2655 6047
2656 6048
2657 6049
2658 6050
2659 6051
2660 6052
2661 6053
2662 6054
2663 6055
2664 6056
2665 6057
2666 6058
2667 6059
2668 6060
2669 6061
2670 6062
2671 6063
2672 6064
2673 6065
2674 6066
2675 6067
2676 6068
2677 6069
2678 6070
2679 6071
2680 6072
2681 6073
2682 6074
2683 6075
2684 6076
2685 6077
2686 6078
2687 6079
2688 6080
2689 6081
2690 6082
2691 6083
2692 6084
2693 6085
2694 6086
2695 6087
2696 6088
2697 6089
2698 6090
2699 6091
2700 6092
2701 6093
2702 6094
2703 6095
2704 6096
2705 6097
2706 6098
2707 6099
2708 6100
2709 6101
2710 6102
2711 6103
2712 6104
2713 6105
2714 6106
2715 6107
2716 6108
2717 6109
2718 6110
2719 6111
2720 6112
2721 6113
2722 6114
2723 6115
2724 6116
2725 6117
2726 6118
2727 6119
2728 6120
2729 6121
2730 6122
2731 6123
2732 6124
2733 6125
2734 6126
2735 6127
2736 6128
2737 6129
2738 6130
2739 6131
2740 6132
2741 6133
2742 6134
2743 6135
2744 6136
2745 6137
2746 6138
2747 6139
2748 6140
2749 6141
2750 6142
2751 6143
2752 6144
2753 6145
2754 6146
2755 6147
2756 6148
2757 6149
2758 6150
2759 6151
2760 6152
2761 6153
2762 6154
2763 6155
2764 6156
2765 6157
2766 6158
2767 6159
2768 6160
2769 6161
2770 6162
2771 6163
2772 6164
2773 6165
2774 6166
2775 6167
2776 6168
2777 6169
2778 6170
2779 6171
2780 6172
2781 6173
2782 6174
2783 6175
2784 6176
2785 6177
2786 6178
2787 6179
2788 6180
2789 6181
2790 6182
2791 6183
2792 6184
2793 6185
2794 6186
2795 6187
2796 6188
2797 6189
2798 6190
2799 6191
2800 6192
2801 6193
2802 6194
2803 6195
2804 6196
2805 6197
2806 6198
2807 6199
2808 6200
2809 6201
2810 6202
2811 6203
2812 6204
2813 6205
2814 6206
2815 6207
2816 6208
2817 6209
2818 6210
2819 6211
2820 6212
2821 6213
2822 6214
2823 6215
2824 6216
2825 6217
2826 6218
2827 6219
2828 6220
2829 6221
2830 6222
2831 6223
2832 6224
2833 6225
2834 6226
2835 6227
2836 6228
2837 6229
2838 6230
2839 6231
2840 6232
2841 6233
2842 6234
2843 6235
2844 6236
2845 6237
2846 6238
2847 6239
2848 6240
2849 6241
2850 6242
2851 6243
2852 6244
2853 6245
2854 6246
2855 6247
2856 6248
2857 6249
2858 6250
2859 6251
2860 6252
2861 6253
2862 6254
2863 6255
2864 6256
2865 6257
2866 6258
2867 6259
2868 6260
2869 6261
2870 6262
2871 6263
2872 6264
2873 6265
2874 6266
2875 6267
2876 6268
2877 6269
2878 6270
2879 6271
2880 6272
2881 6273
2882 6274
2883 6275
2884 6276
2885 6277
2886 6278
2887 6279
2888 6280
2889 6281
2890 6282
2891 6283
2892 6284
2893 6285
2894 6286
2895 6287
2896 6288
2897 6289
2898 6290
2899 6291
2900 6292
2901 6293
2902 6294
2903 6295
2904 6296
2905 6297
2906 6298
2907 6299
2908 6300
2909 6301
2910 6302
2911 6303
2912 6304
2913 6305
2914 6306
2915 6307
2916 6308
2917 6309
2918 6310
2919 6311
2920 6312
2921 6313
2922 6314
2923 6315
2924 6316
2925 6317
2926 6318
2927 6319
2928 6320
2929 6321
2930 6322
2931 6323
2932 6324
2933 6325
2934 6326
2935 6327
2936 6328
2937 6329
2938 6330
2939 6331
2940 6332
2941 6333
2942 6334
2943 6335
2944 6336
2945 6337
2946 6338
2947 6339
2948 6340
2949 6341
2950 6342
2951 6343
2952 6344
2953 6345
2954 6346
2955 6347
2956 6348
2957 6349
2958 6350
2959 6351
2960 6352
2961 6353
2962 6354
2963 6355
2964 6356
2965 6357
2966 6358
2967 6359
2968 6360
2969 6361
2970 6362
2971 6363
2972 6364
2973 6365
2974 6366
2975 6367
2976 6368
2977 6369
2978 6370
2979 6371
2980 6372
2981 6373
2982 6374
2983 6375
2984 6376
2985 6377
2986 6378
2987 6379
2988 6380
2989 6381
2990 6382
2991 6383
2992 6384
2993 6385
2994 6386
2995 6387
2996 6388
2997 6389
2998 6390
2999 6391
3000 6392
3001 6393
3002 6394
3003 6395
3004 6396
3005 6397
3006 6398
3007 6399
3008 6400
3009 6401
3010 6402
3011 6403
3012 6404
3013 6405
3014 6406
3015 6407
3016 6408
3017 6409
3018 6410
3019 6411
3020 6412
3021 6413
3022 6414
3023 6415
3024 6416
3025 6417
3026 6418
3027 6419
3028 6420
3029 6421
3030 6422
3031 6423
3032 6424
3033 6425
3034 6426
3035 6427
3036 6428
3037 6429
3038 6430
3039 6431
3040 6432
3041 6433
3042 6434
3043 6435
3044 6436
3045 6437
3046 6438
3047 6439
3048 6440
3049 6441
3050 6442
3051 6443
3052 6444
3053 6445
3054 6446
3055 6447
3056 6448
3057 6449
3058 6450
3059 6451
3060 6452
3061 6453
3062 6454
3063 6455
3064 6456
3065 6457
3066 6458
3067 6459
3068 6460
3069 6461
3070 6462
3071 6463
3072 6464
3073 6465
3074 6466
3075 6467
3076 6468
3077 6469
3078 6470
3079 6471
3080 6472
3081 6473
3082 6474
3083 6475
3084 6476
3085 6477
3086 6478
3087 6479
3088 6480
3089 6481
3090 6482
3091 6483
3092 6484
3093 6485
3094 6486
3095 6487
3096 6488
3097 6489
3098 6490
3099 6491
3100 6492
3101 6493
3102 6494
3103 6495
3104 6496
3105 6497
3106 6498
3107 6499
3108 6500
3109 6501
3110 6502
3111 6503
3112 6504
3113 6505
3114 6506
3115 6507
3116 6508
3117 6509
3118 6510
3119 6511
3120 6512
3121 6513
3122 6514
3123 6515
3124 6516
3125 6517
3126 6518
3127 6519
3128 6520
3129 6521
3130 6522
3131 6523
3132 6524
3133 6525
3134 6526
3135 6527
3136 6528
3137 6529
3138 6530
3139 6531
3140 6532
3141 6533
3142 6534
3143 6535
3144 6536
3145 6537
3146 6538
3147 6539
3148 6540
3149 6541
3150 6542
3151 6543
3152 6544
3153 6545
3154 6546
3155 6547
3156 6548
3157 6549
3158 6550
3159 6551
3160 6552
3161 6553
3162 6554
3163 6555
3164 6556
3165 6557
3166 6558
3167 6559
3168 6560
3169 6561
3170 6562
3171 6563
3172 6564
3173 6565
3174 6566
3175 6567
3176 6568
3177 6569
3178 6570
3179 6571
3180 6572
3181 6573
3182 6574
3183 6575
3184 6576
3185 6577
3186 6578
3187 6579
3188 6580
3189 6581
3190 6582
3191 6583
3192 6584
3193 6585
3194 6586
3195 6587
3196 6588
3197 6589
3198 6590
3199 6591
3200 6592
3201 6593
3202 6594
3203 6595
3204 6596
3205 6597
3206 6598
3207 6599
3208 6600
3209 6601
3210 6602
3211 6603
3212 6604
3213 6605
3214 6606
3215 6607
3216 6608
3217 6609
3218 6610
3219 6611
3220 6612
3221 6613
3222 6614
3223 6615
3224 6616
3225 6617
3226 6618
3227 6619
3228 6620
3229 6621
3230 6622
3231 6623
3232 6624
3233 6625
3234 6626
3235 6627
3236 6628
3237 6629
3238 6630
3239 6631
3240 6632
3241 6633
3242 6634
3243 6635
3244 6636
3245 6637
3246 6638
3247 6639
3248 6640
3249 6641
3250 6642
3251 6643
3252 6644
3253 6645
3254 6646
3255 6647
3256 6648
3257 6649
3258 6650
3259 6651
3260 6652
3261 6653
3262 6654
3263 6655
3264 6656
3265 6657
3266 6658
3267 6659
3268 6660
3269 6661
3270 6662
3271 6663
3272 6664
3273 6665
3274 6666
3275 6667
3276 6668
3277 6669
3278 6670
3279 6671
3280 6672
3281 6673
3282 6674
3283 6675
3284 6676
3285 6677
3286 6678
3287 6679
3288 6680
3289 6681
3290 6682
3291 6683
3292 6684
3293 6685
3294 6686
3295 6687
3296 6688
3297 6689
3298 6690
3299 6691
3300 6692
3301 6693
3302 6694
3303 6695
3304 6696
3305 6697
3306 6698
3307 6699
3308 6700
3309 6701
3310 6702
3311 6703
3312 6704
3313 6705
3314 6706
3315 6707
3316 6708
3317 6709
3318 6710
3319 6711
3320 6712
3321 6713
3322 6714
3323 6715
3324 6716
3325 6717
3326 6718
3327 6719
3328 6720
3329 6721
3330 6722
3331 6723
3332 6724
3333 6725
3334 6726
3335 6727
3336 6728
3337 6729
3338 6730
3339 6731
3340 6732
3341 6733
3342 6734
3343 6735
3344 6736
3345 6737
3346 6738
3347 6739
3348 6740
3349 6741
3350 6742
3351 6743
3352 6744
3353 6745
3354 6746
3355 6747
3356 6748
3357 6749
3358 6750
3359 6751
3360 6752
3361 6753
3362 6754
3363 6755
3364 6756
3365 6757
3366 6758
3367 6759
3368 6760
3369 6761
3370 6762
3371 6763
3372 6764
3373 6765
3374 6766
3375 6767
3376 6768
3377 6769
3378 6770
3379 6771
3380 6772
3381 6773
3382 6774
3383 6775
3384 6776
3385 6777
3386 6778
3387 6779
3388 6780
3389 6781
3390 6782
3391 6783
3392 6784
3393 6785
3394 6786
3395 6787
3396 6788
3397 6789
3398 6790
3399 6791
3400 6792
3401 6793
3402 6794
3403 6795
3404 6796
3405 6797
3406 6798
3407 6799
3408 6800
3409 6801
3410 6802
3411 6803
3412 6804
3413 6805
3414 6806
3415 6807
3416 6808
3417 6809
3418 6810
3419 6811
3420 6812
3421 6813
3422 6814
3423 6815
3424 6816
3425 6817
3426 6818
3427 6819
3428 6820
3429 6821
3430 6822
3431 6823
3432 6824
3433 6825
3434 6826
3435 6827
3436 6828
3437 6829
3438 6830
3439 6831
3440 6832
3441 6833
3442 6834
3443 6835
3444 6836
3445 6837
3446 6838
3447 6839
3448 6840
3449 6841
3450 6842
3451 6843
3452 6844
3453 6845
3454 6846
3455 6847
3456 6848
3457 6849
3458 6850
3459 6851
3460 6852
3461 6853
3462 6854
3463 6855
3464 6856
3465 6857
3466 6858
3467 6859
3468 6860
3469 6861
3470 6862
3471 6863
3472 6864
3473 6865
3474 6866
3475 6867
3476 6868
3477 6869
3478 6870
3479 6871
3480 6872
3481 6873
3482 6874
3483 6875
3484 6876
3485 6877
3486 6878
3487 6879
3488 6880
3489 6881
3490 6882
3491 6883
3492 6884
3493 6885
3494 6886
3495 6887
3496 6888
3497 6889
3498 6890
3499 6891
3500 6892
3501 6893
3502 6894
3503 6895
3504 6896
3505 6897
3506 6898
3507 6899
3508 6900
3509 6901
3510 6902
3511 6903
3512 6904
3513 6905
3514 6906
3515 6907
3516 6908
3517 6909
3518 6910
3519 6911
3520 6912
3521 6913
3522 6914
3523 6915
3524 6916
3525 6917
3526 6918
3527 6919
3528 6920
3529 6921
3530 6922
3531 6923
3532 6924
3533 6925
3534 6926
3535 6927
3536 6928
3537 6929
3538 6930
3539 6931
3540 6932
3541 6933
3542 6934
3543 6935
3544 6936
3545 6937
3546 6938
3547 6939
3548 6940
3549 6941
3550 6942
3551 6943
3552 6944
3553 6945
3554 6946
3555 6947
3556 6948
3557 6949
3558 6950
3559 6951
3560 6952
3561 6953
3562 6954
3563 6955
3564 6956
3565 6957
3566 6958
3567 6959
3568 6960
3569 6961
3570 6962
3571 6963
3572 6964
3573 6965
3574 6966
3575 6967
3576 6968
3577 6969
3578 6970
3579 6971
3580 6972
3581 6973
3582 6974
3583 6975
3584 6976
3585 6977
3586 6978
3587 6979
3588 6980
3589 6981
3590 6982
3591 6983
3592 6984
3593 6985
3594 6986
3595 6987
3596 6988
3597 6989
3598 6990
3599 6991
3600 6992
3601 6993
3602 6994
3603 6995
3604 6996
3605 6997
3606 6998
3607 6999
3608 7000
3609 7001
3610 7002
3611 7003
3612 7004
3613 7005
3614 7006
3615 7007
3616 7008
3617 7009
3618 7010
3619 7011
3620 7012
3621 7013
3622 7014
3623 7015
3624 7016
3625 7017
3626 7018
3627 7019
3628 7020
3629 7021
3630 7022
3631 7023
3632 7024
3633 7025
3634 7026
3635 7027
3636 7028
3637 7029
3638 7030
3639 7031
3640 7032
3641 7033
3642 7034
3643 7035
3644 7036
3645 7037
3646 7038
3647 7039
3648 7040
3649 7041
3650 7042
3651 7043
3652 7044
3653 7045
3654 7046
3655 7047
3656 7048
3657 7049
3658 7050
3659 7051
3660 7052
3661 7053
3662 7054
3663 7055
3664 7056
3665 7057
3666 7058
3667 7059
3668 7060
3669 7061
3670 7062
3671 7063
3672 7064
3673 7065
3674 7066
3675 7067
3676 7068
3677 7069
3678 7070
3679 7071
3680 7072
3681 7073
3682 7074
3683 7075
3684 7076
3685 7077
3686 7078
3687 7079
3688 7080
3689 7081
3690 7082
3691 7083
3692 7084
3693 7085
3694 7086
3695 7087
3696 7088
3697 7089
3698 7090
3699 7091
3700 7092
3701 7093
3702 7094
3703 7095
3704 7096
3705 7097
3706 7098
3707 7099
3708 7100
3709 7101
3710 7102
3711 7103
3712 7104
3713 7105
3714 7106
3715 7107
3716 7108
3717 7109
3718 7110
3719 7111
3720 7112
3721 7113
3722 7114
3723 7115
3724 7116
3725 7117
3726 7118
3727 7119
3728 7120
3729 7121
3730 7122
3731 7123
3732 7124
3733 7125
3734 7126
3735 7127
3736 7128
3737 7129
3738 7130
3739 7131
3740 7132
3741 7133
3742 7134
3743 7135
3744 7136
3745 7137
3746 7138
3747 7139
3748 7140
3749 7141
3750 7142
3751 7143
3752 7144
3753 7145
3754 7146
3755 7147
3756 7148
3757 7149
3758 7150
3759 7151
3760 7152
3761 7153
3762 7154
3763 7155
3764 7156
3765 7157
3766 7158
3767 7159
3768 7160
3769 7161
3770 7162
3771 7163
3772 7164
3773 7165
3774 7166
3775 7167
3776 7168
3777 7169
3778 7170
3779 7171
3780 7172
3781 7173
3782 7174
3783 7175
3784 7176
3785 7177
3786 7178
3787 7179
3788 7180
3789 7181
3790 7182
3791 7183
3792 7184
3793 7185
3794 7186
3795 7187
3796 7188
3797 7189
3798 7190
3799 7191
3800 7192
3801 7193
3802 7194
3803 7195
3804 7196
3805 7197
3806 7198
3807 7199
3808 7200
3809 7201
3810 7202
3811 7203
3812 7204
3813 7205
3814 7206
3815 7207
3816 7208
3817 7209
3818 7210
3819 7211
3820 7212
3821 7213
3822 7214
3823 7215
3824 7216
3825 7217
3826 7218
3827 7219
3828 7220
3829 7221
3830 7222
3831 7223
3832 7224
3833 7225
3834 7226
3835 7227
3836 7228
3837 7229
3838 7230
3839 7231
3840 7232
3841 7233
3842 7234
3843 7235
3844 7236
3845 7237
3846 7238
3847 7239
3848 7240
3849 7241
3850 7242
3851 7243
3852 7244
3853 7245
3854 7246
3855 7247
3856 7248
3857 7249
3858 7250
3859 7251
3860 7252
3861 7253
3862 7254
3863 7255
3864 7256
3865 7257
3866 7258
3867 7259
3868 7260
3869 7261
3870 7262
3871 7263
3872 7264
3873 7265
3874 7266
3875 7267
3876 7268
3877 7269
3878 7270
3879 7271
3880 7272
3881 7273
3882 7274
3883 7275
3884 7276
3885 7277
3886 7278
3887 7279
3888 7280
3889 7281
3890 7282
3891 7283
3892 7284
3893 7285
3894 7286
3895 7287
3896 7288
3897 7289
3898 7290
3899 7291
3900 7292
3901 7293
3902 7294
3903 7295
3904 7296
3905 7297
3906 7298
3907 7299
3908 7300
3909 7301
3910 7302
3911 7303
3912 7304
3913 7305
3914 7306
3915 7307
3916 7308
3917 7309
3918 7310
3919 7311
3920 7312
3921 7313
3922 7314
3923 7315
3924 7316
3925 7317
3926 7318
3927 7319
3928 7320
3929 7321
3930 7322
3931 7323
3932 7324
3933 7325
3934 7326
3935 7327
3936 7328
3937 7329
3938 7330
3939 7331
3940 7332
3941 7333
3942 7334
3943 7335
3944 7336
3945 7337
3946 7338
3947 7339
3948 7340
3949 7341
3950 7342
3951 7343
3952 7344
3953 7345
3954 7346
3955 7347
3956 7348
3957 7349
3958 7350
3959 7351
3960 7352
3961 7353
3962 7354
3963 7355
3964 7356
3965 7357
3966 7358
3967 7359
3968 7360
3969 7361
3970 7362
3971 7363
3972 7364
3973 7365
3974 7366
3975 7367
3976 7368
3977 7369
3978 7370
3979 7371
3980 7372
3981 7373
3982 7374
3983 7375
3984 7376
3985 7377
3986 7378
3987 7379
3988 7380
3989 7381
3990 7382
3991 7383
3992 7384
3993 7385
3994 7386
3995 7387
3996 7388
3997 7389
3998 7390
3999 7391
4000 7392
4001 7393
4002 7394
4003 7395
4004 7396
4005 7397
4006 7398
4007 7399
4008 7400
4009 7401
4010 7402
4011 7403
4012 7404
4013 7405
4014 7406
4015 7407
4016 7408
4017 7409
4018 7410
4019 7411
4020 7412
4021 7413
4022 7414
4023 7415
4024 7416
4025 7417
4026 7418
4027 7419
4028 7420
4029 7421
4030 7422
4031 7423
4032 7424
4033 7425
4034 7426
4035 7427
4036 7428
4037 7429
4038 7430
4039 7431
4040 7432
4041 7433
4042 7434
4043 7435
4044 7436
4045 7437
4046 7438
4047 7439
4048 7440
4049 7441
4050 7442
4051 7443
4052 7444
4053 7445
4054 7446
4055 7447
4056 7448
4057 7449
4058 7450
4059 7451
4060 7452
4061 7453
4062 7454
4063 7455
4064 7456
4065 7457
4066 7458
4067 7459
4068 7460
4069 7461
4070 7462
4071 7463
4072 7464
4073 7465
4074 7466
4075 7467
4076 7468
4077 7469
4078 7470
4079 7471
4080 7472
4081 7473
4082 7474
4083 7475
4084 7476
4085 7477
4086 7478
4087 7479
4088 7480
4089 7481
4090 7482
4091 7483
4092 7484
4093 7485
4094 7486
4095 7487
4096 7488
4097 7489
4098 7490
4099 7491
4100 7492
4101 7493
4102 7494
4103 7495
4104 7496
4105 7497
4106 7498
4107 7499
4108 7500
4109 7501
4110 7502
4111 7503
4112 7504
4113 7505
4114 7506
4115 7507
4116 7508
4117 7509
4118 7510
4119 7511
4120 7512
4121 7513
4122 7514
4123 7515
4124 7516
4125 7517
4126 7518
4127 7519
4128 7520
4129 7521
4130 7522
4131 7523
4132 7524
4133 7525
4134 7526
4135 7527
4136 7528
4137 7529
4138 7530
4139 7531
4140 7532
4141 7533
4142 7534
4143 7535
4144 7536
4145 7537
4146 7538
4147 7539
4148 7540
4149 7541
4150 7542
4151 7543
4152 7544
4153 7545
4154 7546
4155 7547
4156 7548
4157 7549
4158 7550
4159 7551
4160 7552
4161 7553
4162 7554
4163 7555
4164 7556
4165 7557
4166 7558
4167 7559
4168 7560
4169 7561
4170 7562
4171 7563
4172 7564
4173 7565
4174 7566
4175 7567
4176 7568
4177 7569
4178 7570
4179 7571
4180 7572
4181 7573
4182 7574
4183 7575
4184 7576
4185 7577
4186 7578
4187 7579
4188 7580
4189 7581
4190 7582
4191 7583
4192 7584
4193 7585
4194 7586
4195 7587
4196 7588
4197 7589
4198 7590
4199 7591
4200 7592
4201 7593
4202 7594
4203 7595
4204 7596
4205 7597
4206 7598
4207 7599
4208 7600
4209 7601
4210 7602
4211 7603
4212 7604
4213 7605
4214 7606
4215 7607
4216 7608
4217 7609
4218 7610
4219 7611
4220 7612
4221 7613
4222 7614
4223 7615
4224 7616
4225 7617
4226 7618
4227 7619
4228 7620
4229 7621
4230 7622
4231 7623
4232 7624
4233 7625
4234 7626
4235 7627
4236 7628
4237 7629
4238 7630
4239 7631
4240 7632
4241 7633
4242 7634
4243 7635
4244 7636
4245 7637
4246 7638
4247 7639
4248 7640
4249 7641
4250 7642
4251 7643
4252 7644
4253 7645
4254 7646
4255 7647
4256 7648
4257 7649
4258 7650
4259 7651
4260 7652
4261 7653
4262 7654
4263 7655
4264 7656
4265 7657
4266 7658
4267 7659
4268 7660
4269 7661
4270 7662
4271 7663
4272 7664
4273 7665
4274 7666
4275 7667
4276 7668
4277 7669
4278 7670
4279 7671
4280 7672
4281 7673
4282 7674
4283 7675
4284 7676
4285 7677
4286 7678
4287 7679
4288 7680
4289 7681
4290 7682
4291 7683
4292 7684
4293 7685
4294 7686
4295 7687
4296 7688
4297 7689
4298 7690
4299 7691
4300 7692
4301 7693
4302 7694
4303 7695
4304 7696
4305 7697
4306 7698
4307 7699
4308 7700
4309 7701
4310 7702
4311 7703
4312 7704
4313 7705
4314 7706
4315 7707
4316 7708
4317 7709
4318 7710
4319 7711
4320 7712
4321 7713
4322 7714
4323 7715
4324 7716
4325 7717
4326 7718
4327 7719
4328 7720
4329 7721
4330 7722
4331 7723
4332 7724
4333 7725
4334 7726
4335 7727
4336 7728
4337 7729
4338 7730
4339 7731
4340 7732
4341 7733
4342 7734
4343 7735
4344 7736
4345 7737
4346 7738
4347 7739
4348 7740
4349 7741
4350 7742
4351 7743
4352 7744
4353 7745
4354 7746
4355 7747
4356 7748
4357 7749
4358 7750
4359 7751
4360 7752
4361 7753
4362 7754
4363 7755
4364 7756
4365 7757
4366 7758
4367 7759
4368 7760
4369 7761
4370 7762
4371 7763
4372 7764
4373 7765
4374 7766
4375 7767
4376 7768
4377 7769
4378 7770
4379 7771
4380 7772
4381 7773
4382 7774
4383 7775
4384 7776
4385 7777
4386 7778
4387 7779
4388 7780
4389 7781
4390 7782
4391 7783
4392 7784
4393 7785
4394 7786
4395 7787
4396 7788
4397 7789
4398 7790
4399 7791
4400 7792
4401 7793
4402 7794
4403 7795
4404 7796
4405 7797
4406 7798
4407 7799
4408 7800
4409 7801
4410 7802
4411 7803
4412 7804
4413 7805
4414 7806
4415 7807
4416 7808
4417 7809
4418 7810
4419 7811
4420 7812
4421 7813
4422 7814
4423 7815
4424 7816
4425 7817
4426 7818
4427 7819
4428 7820
4429 7821
4430 7822
4431 7823
4432 7824
4433 7825
4434 7826
4435 7827
4436 7828
4437 7829
4438 7830
4439 7831
4440 7832
4441 7833
4442 7834
4443 7835
4444 7836
4445 7837
4446 7838
4447 7839
4448 7840
4449 7841
4450 7842
4451 7843
4452 7844
4453 7845
4454 7846
4455 7847
4456 7848
4457 7849
4458 7850
4459 7851
4460 7852
4461 7853
4462 7854
4463 7855
4464 7856
4465 7857
4466 7858
4467 7859
4468 7860
4469 7861
4470 7862
4471 7863
4472 7864
4473 7865
4474 7866
4475 7867
4476 7868
4477 7869
4478 7870
4479 7871
4480 7872
4481 7873
4482 7874
4483 7875
4484 7876
4485 7877
4486 7878
4487 7879
4488 7880
4489 7881
4490 7882
4491 7883
4492 7884
4493 7885
4494 7886
4495 7887
4496 7888
4497 7889
4498 7890
4499 7891
4500 7892
4501 7893
4502 7894
4503 7895
4504 7896
4505 7897
4506 7898
4507 7899
4508 7900
4509 7901
4510 7902
4511 7903
4512 7904
4513 7905
4514 7906
4515 7907
4516 7908
4517 7909
4518 7910
4519 7911
4520 7912
4521 7913
4522 7914
4523 7915
4524 7916
4525 7917
4526 7918
4527 7919
4528 7920
4529 7921
4530 7922
4531 7923
4532 7924
4533 7925
4534 7926
4535 7927
4536 7928
4537 7929
4538 7930
4539 7931
4540 7932
4541 7933
4542 7934
4543 7935
4544 7936
4545 7937
4546 7938
4547 7939
4548 7940
4549 7941
4550 7942
4551 7943
4552 7944
4553 7945
4554 7946
4555 7947
4556 7948
4557 7949
4558 7950
4559 7951
4560 7952
4561 7953
4562 7954
4563 7955
4564 7956
4565 7957
4566 7958
4567 7959
4568 7960
4569 7961
4570 7962
4571 7963
4572 7964
4573 7965
4574 7966
4575 7967
4576 7968
4577 7969
4578 7970
4579 7971
4580 7972
4581 7973
4582 7974
4583 7975
4584 7976
4585 7977
4586 7978
4587 7979
4588 7980
4589 7981
4590 7982
4591 7983
4592 7984
4593 7985
4594 7986
4595 7987
4596 7988
4597 7989
4598 7990
4599 7991
4600 7992
4601 7993
4602 7994
4603 7995
4604 7996
4605 7997
4606 7998
4607 7999
4608 8000
4609 8001
4610 8002
4611 8003
4612 8004
4613 8005
4614 8006
4615 8007
4616 8008
4617 8009
4618 8010
4619 8011
4620 8012
4621 8013
4622 8014
4623 8015
4624 8016
4625 8017
4626 8018
4627 8019
4628 8020
4629 8021
4630 8022
4631 8023
4632 8024
4633 8025
4634 8026
4635 8027
4636 8028
4637 8029
4638 8030
4639 8031
4640 8032
4641 8033
4642 8034
4643 8035
4644 8036
4645 8037
4646 8038
4647 8039
4648 8040
4649 8041
4650 8042
4651 8043
4652 8044
4653 8045
4654 8046
4655 8047
4656 8048
4657 8049
4658 8050
4659 8051
4660 8052
4661 8053
4662 8054
4663 8055
4664 8056
4665 8057
4666 8058
4667 8059
4668 8060
4669 8061
4670 8062
4671 8063
4672 8064
4673 8065
4674 8066
4675 8067
4676 8068
4677 8069
4678 8070
4679 8071
4680 8072
4681 8073
4682 8074
4683 8075
4684 8076
4685 8077
4686 8078
4687 8079
4688 8080
4689 8081
4690 8082
4691 8083
4692 8084
4693 8085
4694 8086
4695 8087
4696 8088
4697 8089
4698 8090
4699 8091
4700 8092
4701 8093
4702 8094
4703 8095
4704 8096
4705 8097
4706 8098
4707 8099
4708 8100
4709 8101
4710 8102
4711 8103
4712 8104
4713 8105
4714 8106
4715 8107
4716 8108
4717 8109
4718 8110
4719 8111
4720 8112
4721 8113
4722 8114
4723 8115
4724 8116
4725 8117
4726 8118
4727 8119
4728 8120
4729 8121
4730 8122
4731 8123
4732 8124
4733 8125
4734 8126
4735 8127
4736 8128
4737 8129
4738 8130
4739 8131
4740 8132
4741 8133
4742 8134
4743 8135
4744 8136
4745 8137
4746 8138
4747 8139
4748 8140
4749 8141
4750 8142
4751 8143
4752 8144
4753 8145
4754 8146
4755 8147
4756 8148
4757 8149
4758 8150
4759 8151
4760 8152
4761 8153
4762 8154
4763 8155
4764 8156
4765 8157
4766 8158
4767 8159
4768 8160
4769 8161
4770 8162
4771 8163
4772 8164
4773 8165
4774 8166
4775 8167
4776 8168
4777 8169
4778 8170
4779 8171
4780 8172
4781 8173
4782 8174
4783 8175
4784 8176
4785 8177
4786 8178
4787 8179
4788 8180
4789 8181
4790 8182
4791 8183
4792 8184
4793 8185
4794 8186
4795 8187
4796 8188
4797 8189
4798 8190
4799 8191
4800 8192
4801 8193
4802 8194
4803 8195
4804 8196
4805 8197
4806 8198
4807 8199
4808 8200
4809 8201
4810 8202
4811 8203
4812 8204
4813 8205
4814 8206
4815 8207
4816 8208
4817 8209
4818 8210
4819 8211
4820 8212
4821 8213
4822 8214
4823 8215
4824 8216
4825 8217
4826 8218
4827 8219
4828 8220
4829 8221
4830 8222
4831 8223
4832 8224
4833 8225
4834 8226
4835 8227
4836 8228
4837 8229
4838 8230
4839 8231
4840 8232
4841 8233
4842 8234
4843 8235
4844 8236
4845 8237
4846 8238
4847 8239
4848 8240
4849 8241
4850 8242
4851 8243
4852 8244
4853 8245
4854 8246
4855 8247
4856 8248
4857 8249
4858 8250
4859 8251
4860 8252
4861 8253
4862 8254
4863 8255
4864 8256
4865 8257
4866 8258
4867 8259
4868 8260
4869 8261
4870 8262
4871 8263
4872 8264
4873 8265
4874 8266
4875 8267
4876 8268
4877 8269
4878 8270
4879 8271
4880 8272
4881 8273
4882 8274
4883 8275
4884 8276
4885 8277
4886 8278
4887 8279
4888 8280
4889 8281
4890 8282
4891 8283
4892 8284
4893 8285
4894 8286
4895 8287
4896 8288
4897 8289
4898 8290
4899 8291
4900 8292
4901 8293
4902 8294
4903 8295
4904 8296
4905 8297
4906 8298
4907 8299
4908 8300
4909 8301
4910 8302
4911 8303
4912 8304
4913 8305
4914 8306
4915 8307
4916 8308
4917 8309
4918 8310
4919 8311
4920 8312
4921 8313
4922 8314
4923 8315
4924 8316
4925 8317
4926 8318
4927 8319
4928 8320
4929 8321
4930 8322
4931 8323
4932 8324
4933 8325
4934 8326
4935 8327
4936 8328
4937 8329
4938 8330
4939 8331
4940 8332
4941 8333
4942 8334
4943 8335
4944 8336
4945 8337
4946 8338
4947 8339
4948 8340
4949 8341
4950 8342
4951 8343
4952 8344
4953 8345
4954 8346
4955 8347
4956 8348
4957 8349
4958 8350
4959 8351
4960 8352
4961 8353
4962 8354
4963 8355
4964 8356
4965 8357
4966 8358
4967 8359
4968 8360
4969 8361
4970 8362
4971 8363
4972 8364
4973 8365
4974 8366
4975 8367
4976 8368
4977 8369
4978 8370
4979 8371
4980 8372
4981 8373
4982 8374
4983 8375
4984 8376
4985 8377
4986 8378
4987 8379
4988 8380
4989 8381
4990 8382
4991 8383
4992 8384
4993 8385
4994 8386
4995 8387
4996 8388
4997 8389
4998 8390
4999 8391
5000 8392
5001 8393
5002 8394
5003 8395
5004 8396
5005 8397
5006 8398
5007 8399
5008 8400
5009 8401
5010 8402
5011 8403
5012 8404
5013 8405
5014 8406
5015 8407
5016 8408
5017 8409
5018 8410
5019 8411
5020 8412
5021 8413
5022 8414
5023 8415
5024 8416
5025 8417
5026 8418
5027 8419
5028 8420
5029 8421
5030 8422
5031 8423
5032 8424
5033 8425
5034 8426
5035 8427
5036 8428
5037 8429
5038 8430
5039 8431
5040 8432
5041 8433
5042 8434
5043 8435
5044 8436
5045 8437
5046 8438
5047 8439
5048 8440
5049 8441
5050 8442
5051 8443
5052 8444
5053 8445
5054 8446
5055 8447
5056 8448
5057 8449
5058 8450
5059 8451
5060 8452
5061 8453
5062 8454
5063 8455
5064 8456
5065 8457
5066 8458
5067 8459
5068 8460
5069 8461
5070 8462
5071 8463
5072 8464
5073 8465
5074 8466
5075 8467
5076 8468
5077 8469
5078 8470
5079 8471
5080 8472
5081 8473
5082 8474
5083 8475
5084 8476
5085 8477
5086 8478
5087 8479
5088 8480
5089 8481
5090 8482
5091 8483
5092 8484
5093 8485
5094 8486
5095 8487
5096 8488
5097 8489
5098 8490
5099 8491
5100 8492
5101 8493
5102 8494
5103 8495
5104 8496
5105 8497
5106 8498
5107 8499
5108 8500
5109 8501
5110 8502
5111 8503
5112 8504
5113 8505
5114 8506
5115 8507
5116 8508
5117 8509
5118 8510
5119 8511
5120 8512
5121 8513
5122 8514
5123 8515
5124 8516
5125 8517
5126 8518
5127 8519
5128 8520
5129 8521
5130 8522
5131 8523
5132 8524
5133 8525
5134 8526
5135 8527
5136 8528
5137 8529
5138 8530
5139 8531
5140 8532
5141 8533
5142 8534
5143 8535
5144 8536
5145 8537
5146 8538
5147 8539
5148 8540
5149 8541
5150 8542
5151 8543
5152 8544
5153 8545
5154 8546
5155 8547
5156 8548
5157 8549
5158 8550
5159 8551
5160 8552
5161 8553
5162 8554
5163 8555
5164 8556
5165 8557
5166 8558
5167 8559
5168 8560
5169 8561
5170 8562
5171 8563
5172 8564
5173 8565
5174 8566
5175 8567
5176 8568
5177 8569
5178 8570
5179 8571
5180 8572
5181 8573
5182 8574
5183 8575
5184 8576
5185 8577
5186 8578
5187 8579
5188 8580
5189 8581
5190 8582
5191 8583
5192 8584
5193 8585
5194 8586
5195 8587
5196 8588
5197 8589
5198 8590
5199 8591
5200 8592
5201 8593
5202 8594
5203 8595
5204 8596
5205 8597
5206 8598
5207 8599
5208 8600
5209 8601
5210 8602
5211 8603
5212 8604
5213 8605
5214 8606
5215 8607
5216 8608
5217 8609
5218 8610
5219 8611
5220 8612
5221 8613
5222 8614
5223 8615
5224 8616
5225 8617
5226 8618
5227 8619
5228 8620
5229 8621
5230 8622
5231 8623
5232 8624
5233 8625
5234 8626
5235 8627
5236 8628
5237 8629
5238 8630
5239 8631
5240 8632
5241 8633
5242 8634
5243 8635
5244 8636
5245 8637
5246 8638
5247 8639
5248 8640
5249 8641
5250 8642
5251 8643
5252 8644
5253 8645
5254 8646
5255 8647
5256 8648
5257 8649
5258 8650
5259 8651
5260 8652
5261 8653
5262 8654
5263 8655
5264 8656
5265 8657
5266 8658
5267 8659
5268 8660
5269 8661
5270 8662
5271 8663
5272 8664
5273 8665
5274 8666
5275 8667
5276 8668
5277 8669
5278 8670
5279 8671
5280 8672
5281 8673
5282 8674
5283 8675
5284 8676
5285 8677
5286 8678
5287 8679
5288 8680
5289 8681
5290 8682
5291 8683
5292 8684
5293 8685
5294 8686
5295 8687
5296 8688
5297 8689
5298 8690
5299 8691
5300 8692
5301 8693
5302 8694
5303 8695
5304 8696
5305 8697
5306 8698
5307 8699
5308 8700
5309 8701
5310 8702
5311 8703
5312 8704
5313 8705
5314 8706
5315 8707
5316 8708
5317 8709
5318 8710
5319 8711
5320 8712
5321 8713
5322 8714
5323 8715
5324 8716
5325 8717
5326 8718
5327 8719
5328 8720
5329 8721
5330 8722
5331 8723
5332 8724
5333 8725
5334 8726
5335 8727
5336 8728
5337 8729
5338 8730
5339 8731
5340 8732
5341 8733
5342 8734
5343 8735
5344 8736
5345 8737
5346 8738
5347 8739
5348 8740
5349 8741
5350 8742
5351 8743
5352 8744
5353 8745
5354 8746
5355 8747
5356 8748
5357 8749
5358 8750
5359 8751
5360 8752
5361 8753
5362 8754
5363 8755
5364 8756
5365 8757
5366 8758
5367 8759
5368 8760
5369 8761
5370 8762
5371 8763
5372 8764
5373 8765
5374 8766
5375 8767
5376 8768
5377 8769
5378 8770
5379 8771
5380 8772
5381 8773
5382 8774
5383 8775
5384 8776
5385 8777
5386 8778
5387 8779
5388 8780
5389 8781
5390 8782
5391 8783
5392 8784
5393 8785
5394 8786
5395 8787
5396 8788
5397 8789
5398 8790
5399 8791
5400 8792
5401 8793
5402 8794
5403 8795
5404 8796
5405 8797
5406 8798
5407 8799
5408 8800
5409 8801
5410 8802
5411 8803
5412 8804
5413 8805
5414 8806
5415 8807
5416 8808
5417 8809
5418 8810
5419 8811
5420 8812
5421 8813
5422 8814
5423 8815
5424 8816
5425 8817
5426 8818
5427 8819
5428 8820
5429 8821
5430 8822
5431 8823
5432 8824
5433 8825
5434 8826
5435 8827
5436 8828
5437 8829
5438 8830
5439 8831
5440 8832
5441 8833
5442 8834
5443 8835
5444 8836
5445 8837
5446 8838
5447 8839
5448 8840
5449 8841
5450 8842
5451 8843
5452 8844
5453 8845
5454 8846
5455 8847
5456 8848
5457 8849
5458 8850
5459 8851
5460 8852
5461 8853
5462 8854
5463 8855
5464 8856
5465 8857
5466 8858
5467 8859
5468 8860
5469 8861
5470 8862
5471 8863
5472 8864
5473 8865
5474 8866
5475 8867
5476 8868
5477 8869
5478 8870
5479 8871
5480 8872
5481 8873
5482 8874
5483 8875
5484 8876
5485 8877
5486 8878
5487 8879
5488 8880
5489 8881
5490 8882
5491 8883
5492 8884
5493 8885
5494 8886
5495 8887
5496 8888
5497 8889
5498 8890
5499 8891
5500 8892
5501 8893
5502 8894
5503 8895
5504 8896
5505 8897
5506 8898
5507 8899
5508 8900
5509 8901
5510 8902
5511 8903
5512 8904
5513 8905
5514 8906
5515 8907
5516 8908
5517 8909
5518 8910
5519 8911
5520 8912
5521 8913
5522 8914
5523 8915
5524 8916
5525 8917
5526 8918
5527 8919
5528 8920
5529 8921
5530 8922
5531 8923
5532 8924
5533 8925
5534 8926
5535 8927
5536 8928
5537 8929
5538 8930
5539 8931
5540 8932
5541 8933
5542 8934
5543 8935
5544 8936
5545 8937
5546 8938
5547 8939
5548 8940
5549 8941
5550 8942
5551 8943
5552 8944
5553 8945
5554 8946
5555 8947
5556 8948
5557 8949
5558 8950
5559 8951
5560 8952
5561 8953
5562 8954
5563 8955
5564 8956
5565 8957
5566 8958
5567 8959
5568 8960
5569 8961
5570 8962
5571 8963
5572 8964
5573 8965
5574 8966
5575 8967
5576 8968
5577 8969
5578 8970
5579 8971
5580 8972
5581 8973
5582 8974
5583 8975
5584 8976
5585 8977
5586 8978
5587 8979
5588 8980
5589 8981
5590 8982
5591 8983
5592 8984
5593 8985
5594 8986
5595 8987
5596 8988
5597 8989
5598 8990
5599 8991
5600 8992
5601 8993
5602 8994
5603 8995
5604 8996
5605 8997
5606 8998
5607 8999
5608 9000
5609 9001
5610 9002
5611 9003
5612 9004
5613 9005
5614 9006
5615 9007
5616 9008
5617 9009
5618 9010
5619 9011
5620 9012
5621 9013
5622 9014
5623 9015
5624 9016
5625 9017
5626 9018
5627 9019
5628 9020
5629 9021
5630 9022
5631 9023
5632 9024
5633 9025
5634 9026
5635 9027
5636 9028
5637 9029
5638 9030
5639 9031
5640 9032
5641 9033
5642 9034
5643 9035
5644 9036
5645 9037
5646 9038
5647 9039
5648 9040
5649 9041
5650 9042
5651 9043
5652 9044
5653 9045
5654 9046
5655 9047
5656 9048
5657 9049
5658 9050
5659 9051
5660 9052
5661 9053
5662 9054
5663 9055
5664 9056
5665 9057
5666 9058
5667 9059
5668 9060
5669 9061
5670 9062
5671 9063
5672 9064
5673 9065
5674 9066
5675 9067
5676 9068
5677 9069
5678 9070
5679 9071
5680 9072
5681 9073
5682 9074
5683 9075
5684 9076
5685 9077
5686 9078
5687 9079
5688 9080
5689 9081
5690 9082
5691 9083
5692 9084
5693 9085
5694 9086
5695 9087
5696 9088
5697 9089
5698 9090
5699 9091
5700 9092
5701 9093
5702 9094
5703 9095
5704 9096
5705 9097
5706 9098
5707 9099
5708 9100
5709 9101
5710 9102
5711 9103
5712 9104
5713 9105
5714 9106
5715 9107
5716 9108
5717 9109
5718 9110
5719 9111
5720 9112
5721 9113
5722 9114
5723 9115
5724 9116
5725 9117
5726 9118
5727 9119
5728 9120
5729 9121
5730 9122
5731 9123
5732 9124
5733 9125
5734 9126
5735 9127
5736 9128
5737 9129
5738 9130
5739 9131
5740 9132
5741 9133
5742 9134
5743 9135
5744 9136
5745 9137
5746 9138
5747 9139
5748 9140
5749 9141
5750 9142
5751 9143
5752 9144
5753 9145
5754 9146
5755 9147
5756 9148
5757 9149
5758 9150
5759 9151
5760 9152
5761 9153
5762 9154
5763 9155
5764 9156
5765 9157
5766 9158
5767 9159
5768 9160
5769 9161
5770 9162
5771 9163
5772 9164
5773 9165
5774 9166
5775 9167
5776 9168
5777 9169
5778 9170
5779 9171
5780 9172
5781 9173
5782 9174
5783 9175
5784 9176
5785 9177
5786 9178
5787 9179
5788 9180
5789 9181
5790 9182
5791 9183
5792 9184
5793 9185
5794 9186
5795 9187
5796 9188
5797 9189
5798 9190
5799 9191
5800 9192
5801 9193
5802 9194
5803 9195
5804 9196
5805 9197
5806 9198
5807 9199
5808 9200
5809 9201
5810 9202
5811 9203
5812 9204
5813 9205
5814 9206
5815 9207
5816 9208
5817 9209
5818 9210
5819 9211
5820 9212
5821 9213
5822 9214
5823 9215
5824 9216
5825 9217
5826 9218
5827 9219
5828 9220
5829 9221
5830 9222
5831 9223
5832 9224
5833 9225
5834 9226
5835 9227
5836 9228
5837 9229
5838 9230
5839 9231
5840 9232
5841 9233
5842 9234
5843 9235
5844 9236
5845 9237
5846 9238
5847 9239
5848 9240
5849 9241
5850 9242
5851 9243
5852 9244
5853 9245
5854 9246
5855 9247
5856 9248
5857 9249
5858 9250
5859 9251
5860 9252
5861 9253
5862 9254
5863 9255
5864 9256
5865 9257
5866 9258
5867 9259
5868 9260
5869 9261
5870 9262
5871 9263
5872 9264
5873 9265
5874 9266
5875 9267
5876 9268
5877 9269
5878 9270
5879 9271
5880 9272
5881 9273
5882 9274
5883 9275
5884 9276
5885 9277
5886 9278
5887 9279
5888 9280
5889 9281
5890 9282
5891 9283
5892 9284
5893 9285
5894 9286
5895 9287
5896 9288
5897 9289
5898 9290
5899 9291
5900 9292
5901 9293
5902 9294
5903 9295
5904 9296
5905 9297
5906 9298
5907 9299
5908 9300
5909 9301
5910 9302
5911 9303
5912 9304
5913 9305
5914 9306
5915 9307
5916 9308
5917 9309
5918 9310
5919 9311
5920 9312
5921 9313
5922 9314
5923 9315
5924 9316
5925 9317
5926 9318
5927 9319
5928 9320
5929 9321
5930 9322
5931 9323
5932 9324
5933 9325
5934 9326
5935 9327
5936 9328
5937 9329
5938 9330
5939 9331
5940 9332
5941 9333
5942 9334
5943 9335
5944 9336
5945 9337
5946 9338
5947 9339
5948 9340
5949 9341
5950 9342
5951 9343
5952 9344
5953 9345
5954 9346
5955 9347
5956 9348
5957 9349
5958 9350
5959 9351
5960 9352
5961 9353
5962 9354
5963 9355
5964 9356
5965 9357
5966 9358
5967 9359
5968 9360
5969 9361
5970 9362
5971 9363
5972 9364
5973 9365
5974 9366
5975 9367
5976 9368
5977 9369
5978 9370
5979 9371
5980 9372
5981 9373
5982 9374
5983 9375
5984 9376
5985 9377
5986 9378
5987 9379
5988 9380
5989 9381
5990 9382
5991 9383
5992 9384
5993 9385
5994 9386
5995 9387
5996 9388
5997 9389
5998 9390
5999 9391
6000 9392
6001 9393
6002 9394
6003 9395
6004 9396
6005 9397
6006 9398
6007 9399
6008 9400
6009 9401
6010 9402
6011 9403
6012 9404
6013 9405
6014 9406
6015 9407
6016 9408
6017 9409
6018 9410
6019 9411
6020 9412
6021 9413
6022 9414
6023 9415
6024 9416
6025 9417
6026 9418
6027 9419
6028 9420
6029 9421
6030 9422
6031 9423
6032 9424
6033 9425
6034 9426
6035 9427
6036 9428
6037 9429
6038 9430
6039 9431
6040 9432
6041 9433
6042 9434
6043 9435
6044 9436
6045 9437
6046 9438
6047 9439
6048 9440
6049 9441
6050 9442
6051 9443
6052 9444
6053 9445
6054 9446
6055 9447
6056 9448
6057 9449
6058 9450
6059 9451
6060 9452
6061 9453
6062 9454
6063 9455
6064 9456
6065 9457
6066 9458
6067 9459
6068 9460
6069 9461
6070 9462
6071 9463
6072 9464
6073 9465
6074 9466
6075 9467
6076 9468
6077 9469
6078 9470
6079 9471
6080 9472
6081 9473
6082 9474
6083 9475
6084 9476
6085 9477
6086 9478
6087 9479
6088 9480
6089 9481
6090 9482
6091 9483
6092 9484
6093 9485
6094 9486
6095 9487
6096 9488
6097 9489
6098 9490
6099 9491
6100 9492
6101 9493
6102 9494
6103 9495
6104 9496
6105 9497
6106 9498
6107 9499
6108 9500
6109 9501
6110 9502
6111 9503
6112 9504
6113 9505
6114 9506
6115 9507
6116 9508
6117 9509
6118 9510
6119 9511
6120 9512
6121 9513
6122 9514
6123 9515
6124 9516
6125 9517
6126 9518
6127 9519
6128 9520
6129 9521
6130 9522
6131 9523
6132 9524
6133 9525
6134 9526
6135 9527
6136 9528
6137 9529
6138 9530
6139 9532
6140 9533
6141 9536
6142 9537
6143 9539
6144 9540
6145 9541
6146 9542
6147 9543
6148 9544
6149 9545
6150 9546
6151 9549
6152 9550
6153 9551
6154 9557
6155 9559
6156 9562
6157 9563
6158 9565
6159 9567
6160 9568
6161 9570
6162 9571
6163 9572
6164 9573
6165 9574
6166 9575
6167 9577
6168 9578
6169 9579
6170 9582
6171 9583
6172 9584
6173 9585
6174 9586
6175 9587
6176 9588
6177 9590
6178 9591
6179 9594
6180 9595
6181 9596
6182 9597
6183 9598
6184 9599
6185 9600
6186 9601
6187 9602
6188 9603
6189 9604
6190 9606
6191 9607
6192 9608
6193 9609
6194 9610
6195 9611
6196 9612
6197 9615
6198 9616
6199 9617
6200 9619
6201 9620
6202 9621
6203 9622
6204 9623
6205 9624
6206 9629
6207 9638
6208 9639
6209 9640
6210 9641
6211 9642
6212 9643
6213 9644
6214 9645
6215 9646
6216 9647
6217 9648
6218 9649
6219 9650
6220 9651
6221 9652
6222 9660
6223 9661
6224 9662
6225 9663
6226 9671
6227 9672
6228 9673
6229 9674
6230 9675
6231 9676
6232 9677
6233 9678
6234 9679
6235 9680
6236 9681
6237 9682
6238 9683
6239 9684
6240 9685
6241 9686
6242 9687
6243 9688
6244 9689
6245 9690
6246 9691
6247 9692
6248 9693
6249 9694
6250 9695
6251 9696
6252 9697
6253 9698
6254 9699
6255 9700
6256 9701
6257 9702
6258 9703
6259 9704
6260 9712
6261 9713
6262 9714
6263 9715
6264 9716
6265 9717
6266 9718
6267 9719
6268 9720
6269 9721
6270 9722
6271 9723
6272 9724
6273 9725
6274 9726
6275 9727
6276 9728
6277 9729
6278 9730
6279 9731
6280 9732
6281 9733
6282 9734
6283 9735
6284 9736
6285 9737
6286 9738
6287 9739
6288 9740
6289 9741
6290 9742
6291 9743
6292 9744
6293 9745
6294 9746
6295 9747
6296 9748
6297 9749
6298 9750
6299 9751
6300 9752
6301 9753
6302 9754
6303 9755
6304 9756
6305 9757
6306 9758
6307 9759
6308 9760
6309 9761
6310 9762
6311 9763
6312 9764
6313 9765
6314 9766
6315 9767
6316 9768
6317 9769
6318 9770
6319 9771
6320 9772
6321 9773
6322 9774
6323 9775
6324 9776
6325 9777
6326 9778
6327 9779
6328 9780
6329 9781
6330 9782
6331 9783
6332 9784
6333 9925
6334 9926
6335 9927
6336 9928
6337 9929
6338 9930
6339 9931
6340 9932
6341 9933
6342 9934
6343 9935
6344 9936
6345 9937
6346 9938
6347 9939
6348 9940
6349 9941
6350 9942
6351 9943
6352 9944
6353 9945
6354 9946
6355 9947
6356 9948
6357 9949
6358 9950
6359 9951
6360 9952
6361 9953
6362 9954
6363 9955
6364 9956
6365 9957
6366 9958
6367 9959
6368 9960
6369 9961
6370 9962
6371 9963
6372 9964
6373 9965
6374 9966
6375 9967
6376 9968
6377 9969
6378 9970
6379 9971
6380 9972
6381 9973
6382 9974
6383 9975
6384 9976
6385 9977
6386 9978
6387 9979
6388 9980
6389 9981
6390 9982
6391 9983
6392 9984
6393 9985
6394 9986
6395 9987
6396 9988
6397 9989
6398 9990
6399 9991
6400 9992
6401 9993
6402 9994
6403 9995
6404 9996
6405 9997
6406 9998
6407 9999
6408 10000
6409 10001
