5
0.015081
0.00737637
0.00776877
0.00514465
0.00166893
10
0.0790875
0.0499712
0.051601
0.0348793
0.00323433
15
0.273813
0.161943
0.176418
0.116222
0.00486458
20
0.655523
0.393328
0.454647
0.276567
0.00639839
25
1.37745
0.79001
0.811432
0.601436
0.00789916
30
2.27279
1.36973
1.48389
1.00532
0.00941417
35
3.66448
2.19439
2.4904
1.65811
0.0108992
40
5.40637
3.26183
3.51789
2.48693
0.0124165
45
7.88161
4.64994
4.90688
3.53646
0.0140144
50
10.9828
6.55718
7.02202
5.12067
0.0157685
55
14.4693
8.5584
9.28185
6.75674
0.017249
60
19.1002
11.3742
12.2921
8.93619
0.0188725
65
24.4353
14.5141
15.4088
11.4416
0.020687
70
29.993
18.5092
19.4151
14.5191
0.0222917
75
36.9787
22.3367
23.8813
17.8076
0.0239468